{
    "aucroc": 0.8554835915506823,
    "auprc": 0.4061602042883149,
    "precision": 0.2263888888888889,
    "recall": 0.6877637130801688,
    "f1": 0.3406478578892372
}