{
    "aucroc": 0.7865589175213759,
    "auprc": 0.25767373496554463,
    "precision": 0.1826086956521739,
    "recall": 0.620253164556962,
    "f1": 0.2821497120921305
}