{
    "aucroc": 0.7638437746761073,
    "auprc": 0.19229585986849795,
    "precision": 0.16666666666666666,
    "recall": 0.5991561181434599,
    "f1": 0.26078971533516987
}