{
    "aucroc": 0.8562086999888444,
    "auprc": 0.4049538371678986,
    "precision": 0.19884393063583816,
    "recall": 0.7257383966244726,
    "f1": 0.3121597096188748
}