{
    "aucroc": 0.9789840506882238,
    "auprc": 0.5853037221011487,
    "precision": 0.35081967213114756,
    "recall": 0.9304347826086956,
    "f1": 0.5095238095238095
}