{
    "aucroc": 0.9789949748743719,
    "auprc": 0.586091754936635,
    "precision": 0.34967320261437906,
    "recall": 0.9304347826086956,
    "f1": 0.5083135391923991
}