{
    "aucroc": 0.9515272012235089,
    "auprc": 0.39559957573316307,
    "precision": 0.20997920997921,
    "recall": 0.8782608695652174,
    "f1": 0.3389261744966443
}