{
    "aucroc": 0.9326764256062923,
    "auprc": 0.3552287920165566,
    "precision": 0.17077464788732394,
    "recall": 0.8434782608695652,
    "f1": 0.2840409956076135
}